You are writing notes for a sports show based on the current week in the Curry Up football league. I have a table containing the names and statistics for football players for the category of rushing for the current week in a league.
Please analyze the dataframe and provide the following information in bullet points:
    Interesting points or trends observed in the category's statistics.
    Top performers in the category.
Include the statistics in your response.
Here is the dataframe:
     rush20PlusYds  rushAtt  rushBrokenTackles  rushFum  rushLongest  rushTDs  rushYds  rushYdsAfterContact  rushYdsPerAtt  rushYdsPerGame               playerName
           0.0      0.0                2.0      0.0          0.0      0.0      0.0                  0.0        0.00000        0.000000           T.J. Hockenson
           0.0      7.0                4.0      0.0          6.0      0.0      9.0                 12.0        1.28571       30.125000             Bucky Irving
           0.0      0.0                1.0      0.0          0.0      0.0      0.0                  0.0        0.00000        0.000000           Christian Kirk
           0.0      2.0                0.0      0.0          0.0      0.0     -1.0                  0.0       -0.50000        8.000000          Patrick Mahomes
           0.0      0.0                1.0      0.0          0.0      0.0      0.0                  0.0        0.00000       20.000000            Lamar Jackson
           0.0      0.0                1.0      0.0          0.0      0.0      0.0                  0.0        0.00000        0.000000                Zay Jones
           1.0     14.0                1.0      0.0         40.0      1.0     68.0                 16.0        4.85714       33.666700            Jaylen Warren
           2.0     11.0                0.0      0.0         70.0      2.0    113.0                 10.0       10.27270       53.000000          Elijah Mitchell
           0.0      2.0                1.0      0.0          8.0      0.0     15.0                  7.0        7.50000       13.222200    Cordarrelle Patterson
           0.0      2.0                0.0      0.0          8.0      0.0      7.0                  0.0        3.50000       35.000000               Geno Smith
           0.0      1.0                0.0      0.0          0.0      0.0     -2.0                  1.0       -2.00000       -0.222222              Tutu Atwell
           0.0      1.0                0.0      0.0          0.0      0.0     -6.0                  0.0       -6.00000       -1.888890               Mike Evans
           0.0     14.0                7.0      0.0         16.0      0.0     61.0                 38.0        4.35714       69.444400            Derrick Henry
           1.0     10.0                6.0      0.0         68.0      2.0     79.0                 63.0        7.90000       70.888900           Saquon Barkley
           0.0      1.0                0.0      0.0          3.0      0.0      3.0                  0.0        3.00000        1.666670              Gus Edwards
           0.0      2.0                0.0      0.0          5.0      0.0     10.0                  0.0        5.00000        4.777780              Cooper Kupp
           0.0      4.0                0.0      0.0          5.0      0.0     15.0                  0.0        3.75000       28.888900              Bryce Young
           0.0      2.0                4.0      0.0          7.0      0.0      6.0                  2.0        3.00000       19.888900              Tank Bigsby
           0.0      5.0                0.0      0.0          4.0      1.0      2.0                  0.0        0.40000        5.222220               Joe Burrow
           0.0      0.0                2.0      0.0          0.0      0.0      0.0                  0.0        0.00000        0.000000             Keon Coleman
           0.0      5.0                2.0      0.0          5.0      0.0      2.0                  5.0        0.40000       41.555600         David Montgomery
           0.0      1.0                0.0      0.0          0.0      0.0      0.0                  1.0        0.00000        3.222220                Cam Akers
           0.0      3.0                0.0      0.0         11.0      0.0     16.0                  9.0        5.33333       25.875000         Michael Penix Jr
           2.0     28.0                4.0      0.0         70.0      2.0    208.0                 91.0        7.42857      113.000000       Kenneth Walker III
           0.0      0.0                1.0      0.0          0.0      0.0      0.0                  0.0        0.00000        0.000000        Parker Washington
           0.0      0.0                1.0      0.0          0.0      0.0      0.0                  0.0        0.00000        0.000000             Mark Andrews
           0.0      2.0                0.0      0.0          2.0      0.0     -1.0                  0.0       -0.50000       -0.125000          Braxton Berrios
           0.0     12.0                4.0      0.0          9.0      1.0     56.0                  2.0        4.66667       38.875000             Najee Harris
           0.0      1.0                1.0      0.0          0.0      0.0     -3.0                  0.0       -3.00000       -0.333333                 DJ Moore
           0.0      7.0                0.0      0.0          7.0      0.0     25.0                  0.0        3.57143       14.500000                   Bo Nix
           0.0      3.0                0.0      0.0          7.0      0.0     15.0                  0.0        5.00000        1.875000            Samaje Perine
           0.0      1.0                1.0      0.0          0.0      0.0     -1.0                  0.0       -1.00000       -0.125000               A.J. Brown
           0.0      0.0                1.0      0.0          0.0      0.0      0.0                  0.0        0.00000        0.800000           Marquise Brown
           0.0      1.0                0.0      0.0         13.0      0.0     13.0                  3.0       13.00000        1.500000              A.J. Dillon
           0.0      0.0                2.0      0.0          0.0      0.0      0.0                  0.0        0.00000        0.000000             Tucker Kraft
           0.0     24.0                6.0      0.0         18.0      1.0     66.0                 39.0        2.75000       20.125000      Rhamondre Stevenson
           0.0      4.0                2.0      0.0          5.0      0.0      9.0                  8.0        2.25000       42.888900               Nick Chubb
           0.0      0.0                1.0      0.0          0.0      0.0      0.0                  0.0        0.00000        0.000000           Jauan Jennings
           0.0      0.0                1.0      0.0          0.0      0.0      0.0                  0.0        0.00000       11.333300           Tua Tagovailoa
           0.0      2.0                0.0      0.0          7.0      0.0      1.0                  0.0        0.50000        3.222220           Antonio Gibson
           1.0     12.0                0.0      0.0         35.0      1.0     83.0                 17.0        6.91667       52.222200             Alvin Kamara
           0.0      0.0                1.0      0.0          0.0      0.0      0.0                  0.0        0.00000        0.000000        Amon-Ra St. Brown
           1.0      1.0                0.0      0.0         26.0      0.0     26.0                  0.0       26.00000        6.333330           Russell Wilson
           0.0     10.0                2.0      0.0          6.0      1.0     32.0                  1.0        3.20000       13.625000              Jordan Love
           0.0     10.0                2.0      0.0          7.0      2.0     24.0                  2.0        2.40000       61.500000            Rachaad White
           0.0     12.0                1.0      0.0         14.0      0.0     42.0                 16.0        3.50000       40.375000              Josh Jacobs
           0.0      0.0                3.0      0.0          0.0      0.0      0.0                  0.0        0.00000        0.000000                Cole Kmet
           0.0      1.0                0.0      1.0          3.0      0.0      3.0                  0.0        3.00000        6.250000             Kyler Murray
           1.0      2.0                3.0      0.0         33.0      1.0     51.0                  2.0       25.50000        7.375000             Adam Thielen
           0.0      1.0                0.0      1.0          5.0      0.0      5.0                  4.0        5.00000        5.250000              Jalen Hurts
           0.0      0.0                2.0      0.0          0.0      0.0      0.0                  0.0        0.00000        0.000000             Travis Kelce
           0.0      0.0                1.0      0.0          0.0      0.0      0.0                  0.0        0.00000        0.000000       Jaxon Smith-Njigba
           1.0     13.0                1.0      0.0         52.0      1.0    100.0                 20.0        7.69231       62.750000            D'Andre Swift
           0.0      0.0                1.0      0.0          0.0      0.0      0.0                  0.0        0.00000        0.000000 Marquez Valdes-Scantling
           0.0      7.0                0.0      0.0          7.0      0.0     22.0                  0.0        3.14286        5.666670               Derek Carr
           0.0      1.0                0.0      0.0          1.0      0.0      1.0                  0.0        1.00000        0.111111            Austin Hooper
           0.0      3.0                0.0      0.0          4.0      1.0      4.0                  0.0        1.33333        0.444444             Jordan Mason
           0.0     15.0                3.0      0.0          8.0      1.0     60.0                  3.0        4.00000       36.444400             Tyjae Spears
           1.0     12.0                0.0      0.0         26.0      0.0     51.0                 14.0        4.25000       37.888900               James Cook
           0.0      0.0                1.0      0.0          0.0      0.0      0.0                  0.0        0.00000        0.000000          DeAndre Hopkins
           0.0      1.0                0.0      0.0          0.0      0.0     -3.0                  0.0       -3.00000        1.777780         Quentin Johnston
           0.0      1.0                0.0      0.0          1.0      1.0      1.0                  0.0        1.00000        8.222220         Matthew Stafford
           0.0      0.0                1.0      0.0          0.0      0.0      0.0                  0.0        0.00000        0.000000             Jahan Dotson
           0.0      1.0                0.0      1.0          8.0      1.0      8.0                  0.0        8.00000       11.777800               Drake Maye
           1.0      9.0                2.0      0.0         35.0      0.0     73.0                 12.0        8.11111      106.000000      Christian McCaffrey
           0.0     21.0                1.0      0.0         17.0      1.0    110.0                 41.0        5.23810      106.444000        Travis Etienne Jr
           0.0      2.0                0.0      1.0          0.0      0.0     -2.0                  0.0       -1.00000        2.222220               Jared Goff
           0.0      0.0                1.0      0.0          0.0      0.0      0.0                  0.0        0.00000        1.222220              Jayden Reed
           0.0      0.0                1.0      0.0          0.0      0.0      0.0                  0.0        0.00000        0.000000            Curtis Samuel
           0.0      2.0                0.0      0.0          6.0      0.0      9.0                  5.0        4.50000       20.750000           Isaac Guerendo
           0.0      1.0                0.0      0.0          0.0      0.0      0.0                  0.0        0.00000        3.500000          Trevor Lawrence
           0.0      0.0                2.0      0.0          0.0      0.0      0.0                  0.0        0.00000        0.000000             D.K. Metcalf
           0.0      0.0                1.0      0.0          0.0      0.0      0.0                  0.0        0.00000        0.000000           Michael Wilson
           0.0     26.0                3.0      1.0         11.0      1.0     65.0                 41.0        2.50000       37.333300          Jonathon Brooks
           2.0      7.0                0.0      0.0         39.0      1.0     85.0                 15.0       12.14290       33.555600             J.K. Dobbins
           0.0      3.0                2.0      1.0          9.0      0.0     13.0                  3.0        4.33333        8.625000            Dameon Pierce
           1.0      1.0                0.0      1.0         37.0      0.0     37.0                  0.0       37.00000       13.333300              Brock Purdy
           0.0      0.0                1.0      0.0          0.0      0.0      0.0                  0.0        0.00000        0.000000            Calvin Ridley
           0.0      0.0                0.0      1.0          0.0      0.0      0.0                  0.0        0.00000        0.000000        Wan'Dale Robinson
           0.0      1.0                1.0      0.0          0.0      0.0     -2.0                  0.0       -2.00000        2.111110    Clyde Edwards-Helaire
           0.0      0.0                0.0      1.0          0.0      0.0      0.0                  0.0        0.00000        0.000000           Kendall Hinton
           0.0      0.0                1.0      0.0          0.0      0.0      0.0                  0.0        0.00000        0.000000             Drake London
           1.0      8.0                0.0      4.0         28.0      0.0     61.0                  6.0        7.62500       14.555600            J.J. McCarthy
           0.0     12.0                6.0      0.0         15.0      0.0     63.0                 28.0        5.25000       71.333300                Joe Mixon
           0.0      1.0                1.0      0.0          6.0      0.0      6.0                  1.0        6.00000        0.888889            Brandin Cooks
           0.0      2.0                0.0      0.0          3.0      1.0      4.0                  1.0        2.00000        0.555556            Kyle Juszczyk
           0.0      0.0                1.0      0.0          0.0      0.0      0.0                  0.0        0.00000        0.000000           Kadarius Toney
           0.0     15.0                4.0      0.0         12.0      0.0     38.0                 25.0        2.53333       46.333300           Kyren Williams
           0.0      0.0                2.0      0.0          0.0      0.0      0.0                  0.0        0.00000        0.000000              Josh Oliver
           0.0      0.0                1.0      0.0          0.0      0.0      0.0                  0.0        0.00000        0.000000              Alec Pierce
           0.0     10.0                0.0      0.0          9.0      0.0     29.0                 13.0        2.90000       39.888900          Jonathan Taylor
           0.0      0.0                1.0      0.0          0.0      0.0      0.0                  0.0        0.00000        0.000000           Jordan Addison
           0.0      2.0                0.0      0.0          6.0      1.0      9.0                  2.0        4.50000        2.125000                Ray Davis
           0.0      0.0                2.0      0.0          0.0      0.0      0.0                  0.0        0.00000        0.000000           Devin Duvernay
           0.0      0.0                1.0      0.0          0.0      0.0      0.0                  0.0        0.00000        0.000000            Rondale Moore
           0.0     11.0                1.0      0.0         12.0      0.0     36.0                 14.0        3.27273       43.250000             Tony Pollard
           0.0      1.0                0.0      0.0         11.0      0.0     11.0                  0.0       11.00000       10.125000              C.J. Stroud
           0.0      2.0                0.0      0.0         10.0      0.0     13.0                  1.0        6.50000       13.444400           Justin Herbert
           0.0      8.0                3.0      0.0         15.0      1.0     34.0                  6.0        4.25000       35.444400          Keaton Mitchell
           0.0      0.0                1.0      0.0          0.0      0.0      0.0                  0.0        0.00000        0.000000            Jaylen Waddle
           0.0      0.0                1.0      0.0          0.0      0.0      0.0                  0.0        0.00000        0.222222           Tyler Allgeier
           0.0      0.0                1.0      0.0          0.0      0.0      0.0                  0.0        0.00000        4.888890             Chris Godwin
           0.0      4.0                1.0      0.0         12.0      0.0     14.0                  8.0        3.50000       19.222200            Chuba Hubbard
           0.0      0.0                1.0      0.0          0.0      0.0      0.0                  0.0        0.00000        0.000000            Foster Moreau
           0.0      0.0                1.0      0.0          0.0      0.0      0.0                  0.0        0.00000        0.000000            Luke Musgrave
           0.0      2.0                0.0      1.0          6.0      0.0      1.0                  0.0        0.50000       25.888900       Anthony Richardson
           1.0     17.0                1.0      0.0         39.0      0.0     75.0                 24.0        4.41176      146.667000            De'Von Achane
           0.0      1.0                0.0      0.0         16.0      0.0     16.0                  0.0       16.00000        2.777780         Kenneth Gainwell
           0.0      3.0                0.0      0.0         13.0      0.0     14.0                  5.0        4.66667        9.333330               Will Levis
           0.0      4.0                0.0      2.0          7.0      0.0     13.0                  3.0        3.25000       23.777800                Mike Vick
           0.0      3.0                1.0      0.0         11.0      0.0     11.0                  1.0        3.66667       53.444400              Breece Hall
           0.0      0.0                1.0      0.0          0.0      0.0      0.0                  0.0        0.00000       -0.250000            Brandon Aiyuk
           0.0      3.0                0.0      0.0          6.0      1.0      5.0                  3.0        1.66667       17.375000              Sam Darnold
           0.0      0.0                1.0      0.0          0.0      0.0      0.0                  0.0        0.00000        0.875000          Diontae Johnson
           0.0      7.0                3.0      0.0         14.0      0.0     20.0                 13.0        2.85714       36.125000              Aaron Jones
           0.0      2.0                0.0      0.0         18.0      0.0     14.0                  1.0        7.00000       12.375000               Josh Allen
           0.0      0.0                1.0      0.0          0.0      0.0      0.0                  0.0        0.00000        0.000000           Rashod Bateman
           0.0     10.0                1.0      0.0         13.0      1.0     31.0                 17.0        3.10000       74.375000            Isiah Pacheco
           0.0      0.0                2.0      0.0          0.0      0.0      0.0                  0.0        0.00000        0.000000           Darius Slayton
           0.0      3.0                0.0      0.0          0.0      0.0     -7.0                  2.0       -2.33333        2.125000           Garrett Wilson